0.990657534000975
0.995559750529141
1.011152589319857
1.006045020344157
1.001111910597713
0.971504289071777
0.987660076455180
1.013392064781933
1.000794145665215
0.994768093114637
1.000953020564034
0.994926394487244
0.971816497768930
1.021575566604622
1.001270815768376
0.988763774047884
1.003337961440391
0.969788194529625
0.989394787670396
0.992711544116066
0.983724276106369
0.999523691070196
1.000158797375294
0.987502465206221
1.028829595358091
1.000476441263549
0.988132999938603
0.993818600871338
1.012111997589368
0.994926394487244
0.980425402657772
1.005726314968705
1.004770563570587
0.988448357062585
0.981367268499116
0.991605223486554
0.994768093114637
0.986242113327487
0.989394787670396
0.999999998118353
1.004929817490406
1.004292892923539
0.997144195245102
1.007479947395788
0.998571485031669
0.995084710912859
1.002860700487121
0.997302722638133
0.994768093114637
0.996510236482211
0.987975343819235
1.009235421909591
1.007001501442305
1.019807115841113
1.005566985081935
0.999206228618721
1.013392064781933
0.989868205149922
1.000794145665215
0.999523691070196
0.974629031570960
0.993344057791267
1.010353502486017
1.003019772307835
0.982781071120293
0.997302722638133
1.010992741413647
0.998254203861610
0.999523691070196
1.017719529637074
1.001588671529448
1.016756904363871
0.999523691070196
1.019325134462058
1.010992741413647
0.997461265116392
1.003656211242284
1.017719529637074
1.003337961440391
1.007160968206592
1.000794145665215
1.005885660055399
1.000794145665215
0.998254203861610
0.998412836896482
1.000317611756304
0.992869649995054
1.012111997589368
1.005885660055399
0.995243042393652
1.009554797230824
1.004292892923539
0.996827185706116
0.997778395337258
0.985769727867734
1.010353502486017
0.992079270808467
1.010992741413647
0.987029721166112
0.984353377434134
