0.986793693326909
1.020208417587638
1.020208417587638
0.968230348347190
0.976194142688111
0.998412874141116
0.980661246347221
0.992237490700388
0.998174935545591
0.982074415851699
1.011312200058140
1.003656131360126
1.020931806091002
1.010113625548584
1.014672782721406
1.019244384562608
1.013231706849227
0.992000432860449
0.991526418505818
1.023345355544978
0.995322319661468
0.992237490700388
1.001747584975310
1.015634189324764
1.010353271756675
1.022620926267710
1.004850081959053
0.998174935545591
1.022620926267710
1.027940676895457
1.017077334450147
1.000317606551093
1.025278696110493
0.980896690973018
1.012991648079229
0.969399091185599
1.027456366727502
0.995797416515815
0.979719802106445
1.023828482089624
1.018762575764082
1.010832667198813
1.008915909342842
1.016596147966381
0.990341973346952
1.016115099611091
1.035222107529488
1.004133609147265
0.991289461976728
0.994847358322210
0.985848763851576
0.996510316015112
0.999603076861958
0.986557410547208
0.992711707741754
1.010113625548584
0.992948866957578
0.993660547472402
0.979955113041507
0.993660547472402
1.002940170664072
0.996035015779309
1.010113625548584
1.008676469017034
0.991289461976728
1.012271678264608
1.001270789277535
1.058736056213690
1.012751623730073
1.022862367964848
0.972207451245653
0.995797416515815
0.994609928452638
1.012991648079229
0.982074415851699
0.987266359751033
0.986084945816736
1.005805857460657
0.968931494817799
0.989868431423041
0.994847358322210
0.996510316015112
1.010113625548584
1.001032442523236
0.978073560499708
0.992237490700388
1.000794129822260
1.010592952304306
1.000794129822260
1.007001346385937
1.003178790107889
0.972675975423270
1.041069994187377
1.021173004914723
0.979249280443834
0.985140419470559
0.989631711033638
1.009634436121472
1.009874013672633
0.981603225521783
