0.424365839256664
0.425211751394318
0.430342501829865
0.430137926204351
0.431093113509331
0.434960978257543
0.434514938590559
0.425008640850703
0.433418175379061
0.423250771766348
0.424534941333238
0.425279464559278
0.425685900456932
0.430376603458389
0.428095381016775
0.427721551000807
0.434137736959877
0.425414916633319
0.425923094536639
0.430683591312029
0.436954385857938
0.421025865983985
0.426499464098397
0.429933409095928
0.426058668993369
0.422879469714822
0.425821430611566
0.426770858109023
0.421968915643700
0.430683591312029
0.425347190596600
0.426160366757378
0.425110188884739
0.432870422500925
0.426363805811196
0.432801982827581
0.434720768587253
0.430103835956605
0.430615360400630
0.418942132532151
0.420252154848880
0.433315439813514
0.435063949886367
0.422913217167929
0.428231368928261
0.426262079028965
0.425482655546046
0.428095381016775
0.426295983118781
0.426736927402831
0.415761144271011
0.431400409061710
0.425923094536639
0.424095359433743
0.425313327577939
0.427959419001649
0.434755079330026
0.428163374972822
0.429184013272798
0.426736927402831
0.429626743098030
0.426465546300703
0.429592677218466
0.429728950479556
0.427246046222597
0.428741557603681
0.428911700432747
0.429422372172648
0.421059525555868
0.432083760828423
0.426669073253050
0.431195530697317
0.435269937490056
0.430001574965035
0.425719781183693
0.429252107702747
0.423723617383667
0.432767765442835
0.435166936296144
0.430478918102141
0.435269937490056
0.424907107289129
0.431810341832347
0.428027400009524
0.428775582927594
0.428673511817908
0.425414916633319
0.424907107289129
0.430513026236517
0.431093113509331
0.426669073253050
0.428299375836180
0.426669073253050
0.428333380099770
0.430444811594412
0.426669073253050
0.433486673939299
0.431742003397520
0.429899328598604
0.425753659494259
